/Library/Java/JavaVirtualMachines/jdk-13.jdk/Contents/Home/bin/java "-javaagent:/Applications/IntelliJ IDEA CE.app/Contents/lib/idea_rt.jar=52142:/Applications/IntelliJ IDEA CE.app/Contents/bin" -Dfile.encoding=UTF-8 -classpath /Users/benjamin/IdeaProjects/BenjaminnHuang-cs1c-project08/out/production/BenjaminnHuang-cs1c-project08 TestFile
The array size of 20000
Run 1
2,7
4,3
6,3
8,4
10,4
12,3
14,3
16,2
18,2
20,3
22,2
24,3
26,3
28,2
30,2
32,3
34,2
36,1
38,3
40,3
42,2
44,2
46,2
48,2
50,3
52,2
54,2
56,2
58,1
60,2
62,1
64,2
66,2
68,1
70,3
72,2
74,3
76,2
78,1
80,1
82,2
84,2
86,2
88,2
90,3
92,1
94,3
96,3
98,3
100,2
102,3
104,2
106,3
108,3
110,1
112,2
114,2
116,3
118,3
120,3
122,3
124,1
126,2
128,2
130,1
132,2
134,2
136,3
138,2
140,3
142,3
144,3
146,2
148,2
150,2
152,2
154,2
156,2
158,3
160,2
162,2
164,3
166,2
168,2
170,2
172,3
174,3
176,3
178,2
180,4
182,3
184,2
186,2
188,3
190,3
192,2
194,3
196,2
198,2
200,3
202,3
204,3
206,2
208,2
210,2
212,2
214,2
216,2
218,1
220,3
222,3
224,3
226,6
228,7
230,8
232,6
234,8
236,9
238,7
240,8
242,6
244,7
246,7
248,6
250,7
252,6
254,6
256,8
258,7
260,8
262,9
264,6
266,7
268,6
270,6
272,7
274,6
276,7
278,7
280,6
282,6
284,5
286,6
288,6
290,6
292,5
294,6
296,6
298,6
300,6
Run 2
2,9
4,9
6,10
8,10
10,9
12,8
14,11
16,9
18,10
20,8
22,9
24,10
26,9
28,10
30,8
32,11
34,9
36,9
38,7
40,10
42,10
44,9
46,7
48,8
50,8
52,7
54,6
56,7
58,8
60,7
62,7
64,9
66,8
68,7
70,9
72,7
74,8
76,7
78,8
80,8
82,8
84,8
86,10
88,10
90,9
92,8
94,6
96,8
98,6
100,8
102,6
104,6
106,6
108,7
110,6
112,6
114,6
116,6
118,7
120,9
122,7
124,7
126,6
128,8
130,7
132,7
134,7
136,6
138,6
140,6
142,6
144,7
146,6
148,6
150,7
152,5
154,6
156,5
158,5
160,5
162,5
164,6
166,5
168,5
170,5
172,5
174,5
176,5
178,5
180,5
182,5
184,5
186,5
188,6
190,5
192,5
194,5
196,6
198,6
200,5
202,5
204,7
206,5
208,5
210,6
212,6
214,5
216,6
218,6
220,5
222,5
224,6
226,6
228,5
230,5
232,5
234,5
236,5
238,6
240,5
242,5
244,4
246,5
248,6
250,5
252,5
254,6
256,5
258,5
260,5
262,5
264,5
266,5
268,5
270,5
272,7
274,5
276,6
278,5
280,5
282,5
284,6
286,6
288,5
290,6
292,5
294,6
296,5
298,6
300,6
Run 3
2,9
4,9
6,8
8,8
10,7
12,7
14,7
16,7
18,7
20,7
22,7
24,6
26,7
28,7
30,7
32,6
34,8
36,7
38,7
40,6
42,7
44,7
46,7
48,6
50,8
52,6
54,7
56,7
58,6
60,7
62,6
64,7
66,6
68,6
70,7
72,6
74,6
76,5
78,5
80,5
82,6
84,6
86,5
88,6
90,6
92,5
94,6
96,8
98,5
100,8
102,5
104,7
106,6
108,6
110,6
112,6
114,8
116,6
118,6
120,7
122,6
124,6
126,7
128,6
130,7
132,6
134,6
136,6
138,5
140,6
142,6
144,5
146,6
148,5
150,6
152,5
154,6
156,5
158,5
160,4
162,5
164,5
166,5
168,5
170,5
172,7
174,5
176,6
178,6
180,4
182,6
184,6
186,5
188,6
190,5
192,6
194,5
196,6
198,6
200,5
202,6
204,5
206,6
208,5
210,5
212,5
214,5
216,6
218,5
220,5
222,7
224,4
226,5
228,5
230,4
232,5
234,5
236,5
238,5
240,5
242,5
244,5
246,5
248,6
250,5
252,7
254,5
256,5
258,6
260,6
262,5
264,5
266,7
268,5
270,6
272,5
274,6
276,5
278,5
280,6
282,6
284,6
286,5
288,5
290,5
292,5
294,5
296,6
298,5
300,5
The array size of 720000
Run 1
2,477
4,84
6,76
8,86
10,76
12,79
14,76
16,73
18,65
20,64
22,68
24,62
26,61
28,62
30,64
32,64
34,61
36,62
38,67
40,66
42,61
44,61
46,69
48,70
50,64
52,59
54,61
56,62
58,60
60,60
62,63
64,60
66,59
68,60
70,60
72,60
74,56
76,56
78,60
80,63
82,59
84,57
86,60
88,59
90,57
92,58
94,91
96,98
98,64
100,62
102,74
104,63
106,70
108,59
110,60
112,60
114,62
116,60
118,57
120,57
122,59
124,65
126,61
128,59
130,63
132,65
134,56
136,55
138,58
140,56
142,55
144,54
146,56
148,56
150,54
152,54
154,55
156,58
158,54
160,56
162,57
164,59
166,62
168,57
170,58
172,63
174,63
176,61
178,59
180,58
182,64
184,61
186,58
188,59
190,56
192,56
194,59
196,58
198,55
200,56
202,58
204,62
206,65
208,61
210,58
212,58
214,56
216,55
218,57
220,55
222,56
224,55
226,57
228,57
230,58
232,55
234,60
236,58
238,53
240,55
242,66
244,66
246,56
248,52
250,55
252,58
254,58
256,57
258,59
260,58
262,56
264,55
266,58
268,61
270,59
272,59
274,56
276,60
278,57
280,56
282,58
284,58
286,55
288,57
290,59
292,63
294,58
296,57
298,56
300,58
Run 2
2,76
4,77
6,77
8,73
10,69
12,68
14,71
16,71
18,71
20,68
22,64
24,67
26,65
28,69
30,66
32,63
34,63
36,63
38,63
40,67
42,64
44,63
46,63
48,64
50,62
52,60
54,60
56,65
58,66
60,62
62,59
64,60
66,59
68,58
70,59
72,64
74,59
76,56
78,56
80,58
82,58
84,58
86,58
88,58
90,59
92,58
94,58
96,57
98,58
100,57
102,58
104,61
106,59
108,58
110,57
112,58
114,58
116,58
118,57
120,58
122,60
124,61
126,57
128,62
130,63
132,58
134,56
136,59
138,61
140,59
142,56
144,57
146,58
148,57
150,58
152,60
154,58
156,58
158,55
160,57
162,57
164,57
166,57
168,57
170,61
172,54
174,57
176,57
178,57
180,57
182,56
184,58
186,56
188,56
190,56
192,56
194,57
196,57
198,72
200,70
202,68
204,60
206,59
208,59
210,60
212,58
214,55
216,58
218,62
220,58
222,61
224,56
226,55
228,54
230,54
232,56
234,58
236,57
238,55
240,57
242,59
244,56
246,55
248,56
250,55
252,56
254,55
256,57
258,63
260,57
262,55
264,55
266,56
268,55
270,55
272,58
274,56
276,56
278,56
280,56
282,59
284,58
286,52
288,55
290,55
292,56
294,58
296,65
298,65
300,61
Run 3
2,84
4,81
6,77
8,80
10,80
12,71
14,79
16,76
18,77
20,77
22,71
24,73
26,72
28,67
30,68
32,70
34,75
36,71
38,68
40,69
42,66
44,70
46,75
48,67
50,72
52,79
54,71
56,74
58,69
60,77
62,71
64,66
66,59
68,60
70,68
72,64
74,60
76,61
78,63
80,64
82,66
84,63
86,62
88,64
90,65
92,65
94,67
96,59
98,55
100,55
102,58
104,57
106,55
108,58
110,63
112,69
114,63
116,62
118,68
120,59
122,59
124,61
126,65
128,67
130,63
132,62
134,58
136,58
138,56
140,61
142,63
144,64
146,61
148,58
150,59
152,58
154,56
156,55
158,55
160,57
162,55
164,56
166,55
168,56
170,54
172,57
174,57
176,56
178,57
180,55
182,56
184,60
186,56
188,55
190,55
192,56
194,55
196,58
198,56
200,55
202,54
204,54
206,56
208,55
210,54
212,55
214,58
216,57
218,61
220,60
222,56
224,60
226,56
228,60
230,64
232,64
234,60
236,60
238,60
240,56
242,56
244,54
246,59
248,58
250,54
252,54
254,58
256,59
258,59
260,59
262,67
264,55
266,53
268,58
270,57
272,58
274,57
276,58
278,58
280,57
282,56
284,55
286,56
288,57
290,56
292,54
294,58
296,56
298,55
300,55
The array size of 1420000
Run 1
2,332
4,192
6,200
8,190
10,186
12,184
14,181
16,177
18,181
20,176
22,183
24,197
26,190
28,188
30,192
32,178
34,179
36,175
38,185
40,179
42,180
44,180
46,183
48,169
50,177
52,171
54,166
56,163
58,162
60,160
62,159
64,158
66,164
68,158
70,171
72,158
74,159
76,160
78,167
80,163
82,162
84,165
86,165
88,168
90,154
92,161
94,163
96,163
98,158
100,159
102,174
104,174
106,179
108,178
110,173
112,174
114,179
116,171
118,175
120,168
122,181
124,187
126,179
128,187
130,181
132,153
134,158
136,151
138,155
140,150
142,151
144,147
146,153
148,145
150,150
152,142
154,151
156,147
158,150
160,146
162,147
164,155
166,152
168,152
170,150
172,145
174,154
176,156
178,160
180,150
182,148
184,148
186,154
188,147
190,149
192,149
194,155
196,151
198,145
200,151
202,149
204,150
206,150
208,150
210,147
212,156
214,148
216,147
218,153
220,150
222,163
224,151
226,152
228,149
230,150
232,167
234,152
236,152
238,150
240,157
242,166
244,157
246,153
248,145
250,148
252,144
254,147
256,147
258,146
260,149
262,151
264,146
266,152
268,153
270,147
272,143
274,154
276,153
278,155
280,149
282,147
284,146
286,150
288,148
290,147
292,157
294,161
296,162
298,146
300,149
Run 2
2,206
4,193
6,186
8,175
10,177
12,177
14,188
16,177
18,172
20,175
22,168
24,167
26,175
28,171
30,164
32,166
34,165
36,166
38,165
40,159
42,166
44,165
46,165
48,163
50,159
52,158
54,161
56,164
58,161
60,162
62,157
64,164
66,160
68,157
70,159
72,162
74,158
76,156
78,158
80,166
82,157
84,155
86,166
88,161
90,156
92,159
94,157
96,166
98,158
100,155
102,163
104,159
106,158
108,158
110,166
112,155
114,157
116,156
118,151
120,155
122,156
124,151
126,152
128,153
130,151
132,153
134,150
136,151
138,146
140,149
142,153
144,150
146,152
148,149
150,148
152,153
154,147
156,151
158,146
160,153
162,145
164,149
166,150
168,147
170,149
172,145
174,149
176,146
178,144
180,146
182,147
184,144
186,147
188,145
190,144
192,144
194,145
196,146
198,145
200,144
202,144
204,146
206,146
208,144
210,145
212,147
214,146
216,144
218,146
220,145
222,146
224,145
226,147
228,148
230,144
232,143
234,148
236,145
238,145
240,150
242,146
244,142
246,150
248,149
250,152
252,151
254,150
256,148
258,149
260,150
262,151
264,153
266,152
268,148
270,150
272,147
274,151
276,149
278,150
280,151
282,151
284,154
286,155
288,156
290,145
292,149
294,151
296,151
298,155
300,151
Run 3
2,193
4,197
6,197
8,189
10,181
12,182
14,182
16,188
18,183
20,173
22,171
24,178
26,176
28,177
30,173
32,169
34,163
36,166
38,174
40,171
42,171
44,174
46,166
48,171
50,167
52,168
54,170
56,167
58,170
60,181
62,193
64,192
66,170
68,160
70,181
72,164
74,162
76,160
78,163
80,178
82,180
84,183
86,164
88,160
90,162
92,169
94,162
96,170
98,160
100,162
102,160
104,160
106,163
108,174
110,177
112,160
114,155
116,158
118,151
120,159
122,153
124,153
126,152
128,164
130,167
132,158
134,152
136,152
138,160
140,156
142,156
144,154
146,150
148,156
150,152
152,151
154,151
156,153
158,173
160,168
162,170
164,151
166,147
168,149
170,141
172,146
174,145
176,147
178,154
180,154
182,164
184,164
186,152
188,149
190,151
192,151
194,160
196,163
198,153
200,155
202,157
204,147
206,150
208,158
210,161
212,157
214,152
216,143
218,145
220,148
222,149
224,173
226,175
228,152
230,152
232,145
234,148
236,149
238,146
240,149
242,150
244,147
246,152
248,151
250,151
252,158
254,156
256,154
258,148
260,150
262,148
264,142
266,149
268,146
270,147
272,148
274,146
276,144
278,147
280,145
282,144
284,143
286,147
288,144
290,144
292,143
294,145
296,144
298,145
300,142
The array size of 2120000
Run 1
2,513
4,303
6,291
8,293
10,299
12,290
14,274
16,280
18,276
20,283
22,279
24,280
26,272
28,274
30,269
32,265
34,267
36,268
38,268
40,268
42,265
44,263
46,262
48,267
50,265
52,262
54,259
56,260
58,258
60,259
62,259
64,262
66,260
68,260
70,259
72,259
74,258
76,256
78,252
80,256
82,250
84,263
86,256
88,255
90,255
92,255
94,258
96,253
98,254
100,258
102,255
104,250
106,254
108,252
110,250
112,253
114,252
116,252
118,249
120,254
122,254
124,249
126,253
128,253
130,251
132,251
134,253
136,251
138,248
140,254
142,253
144,247
146,250
148,249
150,248
152,246
154,247
156,244
158,250
160,242
162,240
164,243
166,242
168,245
170,243
172,244
174,244
176,242
178,246
180,244
182,242
184,244
186,245
188,240
190,240
192,243
194,242
196,244
198,243
200,238
202,235
204,244
206,242
208,243
210,241
212,241
214,236
216,240
218,239
220,240
222,238
224,236
226,237
228,236
230,236
232,236
234,235
236,232
238,236
240,237
242,230
244,237
246,232
248,236
250,235
252,235
254,234
256,238
258,235
260,236
262,239
264,233
266,234
268,240
270,237
272,236
274,234
276,236
278,235
280,236
282,236
284,231
286,232
288,226
290,227
292,210
294,207
296,208
298,207
300,211
Run 2
2,294
4,288
6,280
8,276
10,277
12,271
14,264
16,263
18,263
20,278
22,282
24,280
26,282
28,270
30,271
32,270
34,266
36,266
38,263
40,267
42,263
44,268
46,267
48,267
50,262
52,265
54,263
56,261
58,260
60,260
62,261
64,256
66,258
68,259
70,262
72,258
74,259
76,257
78,256
80,254
82,256
84,255
86,258
88,253
90,260
92,258
94,257
96,257
98,260
100,260
102,262
104,257
106,257
108,258
110,250
112,252
114,255
116,251
118,257
120,254
122,283
124,268
126,277
128,275
130,255
132,269
134,260
136,268
138,264
140,270
142,263
144,266
146,261
148,261
150,257
152,253
154,250
156,253
158,252
160,254
162,248
164,252
166,247
168,253
170,247
172,254
174,245
176,250
178,246
180,250
182,249
184,249
186,240
188,251
190,254
192,250
194,252
196,256
198,248
200,253
202,248
204,245
206,240
208,256
210,248
212,254
214,250
216,249
218,244
220,250
222,248
224,245
226,243
228,246
230,242
232,253
234,253
236,255
238,264
240,258
242,233
244,279
246,254
248,254
250,245
252,248
254,247
256,247
258,244
260,244
262,241
264,244
266,249
268,242
270,242
272,239
274,241
276,239
278,245
280,246
282,244
284,243
286,246
288,248
290,243
292,235
294,240
296,244
298,238
300,234
Run 3
2,314
4,312
6,305
8,294
10,294
12,288
14,281
16,284
18,284
20,283
22,280
24,281
26,277
28,271
30,279
32,285
34,281
36,272
38,267
40,270
42,270
44,273
46,266
48,268
50,266
52,263
54,258
56,257
58,260
60,258
62,258
64,260
66,262
68,259
70,259
72,259
74,261
76,256
78,258
80,255
82,254
84,256
86,260
88,261
90,254
92,254
94,253
96,254
98,258
100,253
102,257
104,255
106,255
108,252
110,254
112,252
114,254
116,253
118,256
120,251
122,254
124,253
126,251
128,252
130,250
132,250
134,251
136,249
138,253
140,251
142,250
144,251
146,250
148,248
150,251
152,248
154,257
156,245
158,251
160,247
162,244
164,249
166,248
168,246
170,247
172,245
174,246
176,248
178,245
180,248
182,249
184,244
186,238
188,244
190,246
192,242
194,239
196,247
198,245
200,238
202,243
204,245
206,245
208,243
210,240
212,239
214,241
216,241
218,236
220,238
222,238
224,236
226,236
228,235
230,236
232,231
234,234
236,227
238,235
240,235
242,235
244,236
246,235
248,236
250,236
252,235
254,232
256,236
258,236
260,235
262,235
264,235
266,236
268,235
270,237
272,231
274,236
276,235
278,225
280,233
282,234
284,233
286,237
288,234
290,235
292,237
294,236
296,236
298,239
300,235
The array size of 2820000
Run 1
2,710
4,435
6,438
8,434
10,426
12,427
14,422
16,417
18,405
20,405
22,402
24,405
26,404
28,403
30,402
32,402
34,400
36,388
38,387
40,392
42,390
44,386
46,384
48,382
50,386
52,390
54,382
56,463
58,387
60,390
62,383
64,383
66,385
68,387
70,383
72,379
74,379
76,379
78,380
80,380
82,371
84,379
86,384
88,383
90,380
92,375
94,384
96,382
98,373
100,379
102,367
104,376
106,376
108,379
110,369
112,370
114,371
116,373
118,373
120,370
122,373
124,368
126,378
128,374
130,366
132,375
134,367
136,370
138,360
140,366
142,373
144,363
146,367
148,365
150,367
152,364
154,363
156,368
158,364
160,365
162,365
164,361
166,362
168,375
170,371
172,363
174,365
176,373
178,363
180,364
182,370
184,364
186,365
188,366
190,369
192,361
194,353
196,366
198,367
200,364
202,366
204,366
206,363
208,360
210,360
212,362
214,366
216,359
218,360
220,360
222,353
224,356
226,359
228,352
230,358
232,358
234,359
236,357
238,355
240,355
242,356
244,354
246,357
248,355
250,357
252,356
254,356
256,359
258,356
260,355
262,354
264,359
266,357
268,360
270,358
272,354
274,355
276,360
278,356
280,358
282,366
284,354
286,356
288,355
290,360
292,347
294,372
296,352
298,361
300,363
Run 2
2,479
4,478
6,462
8,459
10,457
12,449
14,432
16,425
18,415
20,424
22,419
24,408
26,415
28,407
30,429
32,423
34,426
36,419
38,413
40,404
42,399
44,396
46,399
48,396
50,389
52,396
54,399
56,398
58,397
60,388
62,405
64,390
66,403
68,397
70,400
72,399
74,384
76,393
78,381
80,404
82,387
84,422
86,410
88,428
90,417
92,395
94,393
96,399
98,393
100,393
102,386
104,389
106,380
108,382
110,379
112,378
114,381
116,379
118,377
120,380
122,379
124,379
126,368
128,373
130,376
132,367
134,366
136,369
138,374
140,366
142,373
144,367
146,365
148,368
150,360
152,356
154,365
156,365
158,365
160,369
162,366
164,365
166,367
168,366
170,366
172,369
174,366
176,365
178,367
180,370
182,366
184,355
186,363
188,363
190,370
192,369
194,377
196,379
198,388
200,423
202,383
204,371
206,365
208,354
210,368
212,363
214,370
216,368
218,432
220,417
222,401
224,401
226,368
228,373
230,373
232,378
234,409
236,399
238,373
240,446
242,380
244,399
246,432
248,400
250,403
252,373
254,374
256,380
258,379
260,365
262,356
264,365
266,358
268,361
270,363
272,350
274,357
276,356
278,359
280,352
282,352
284,356
286,348
288,359
290,357
292,356
294,352
296,391
298,358
300,350
Run 3
2,458
4,453
6,463
8,479
10,462
12,472
14,452
16,444
18,425
20,411
22,430
24,414
26,417
28,408
30,422
32,417
34,412
36,397
38,389
40,429
42,416
44,416
46,404
48,400
50,414
52,413
54,408
56,432
58,432
60,432
62,450
64,408
66,450
68,406
70,392
72,391
74,380
76,379
78,380
80,381
82,376
84,381
86,375
88,385
90,379
92,380
94,381
96,399
98,399
100,402
102,402
104,409
106,390
108,385
110,382
112,387
114,384
116,382
118,378
120,380
122,380
124,378
126,405
128,398
130,374
132,387
134,380
136,378
138,379
140,381
142,378
144,377
146,375
148,366
150,382
152,377
154,380
156,376
158,390
160,381
162,383
164,381
166,383
168,390
170,385
172,387
174,394
176,376
178,383
180,385
182,378
184,391
186,388
188,393
190,391
192,390
194,393
196,396
198,400
200,413
202,381
204,384
206,385
208,431
210,371
212,378
214,367
216,379
218,364
220,358
222,362
224,359
226,357
228,359
230,357
232,357
234,358
236,361
238,357
240,354
242,350
244,359
246,362
248,359
250,359
252,358
254,359
256,355
258,388
260,364
262,421
264,450
266,404
268,375
270,389
272,376
274,381
276,363
278,372
280,361
282,354
284,360
286,384
288,395
290,405
292,401
294,382
296,383
298,355
300,343
The array size of 3520000
Run 1
2,1017
4,631
6,653
8,637
10,635
12,595
14,589
16,590
18,600
20,587
22,574
24,568
26,588
28,587
30,575
32,604
34,567
36,692
38,676
40,695
42,570
44,547
46,530
48,531
50,545
52,574
54,558
56,598
58,549
60,568
62,554
64,544
66,555
68,559
70,573
72,539
74,539
76,525
78,527
80,534
82,529
84,516
86,514
88,517
90,518
92,520
94,514
96,504
98,507
100,511
102,509
104,505
106,552
108,517
110,519
112,532
114,523
116,517
118,517
120,513
122,546
124,592
126,552
128,533
130,515
132,527
134,524
136,505
138,520
140,528
142,536
144,531
146,537
148,527
150,542
152,534
154,545
156,554
158,530
160,532
162,510
164,513
166,514
168,500
170,502
172,493
174,507
176,496
178,591
180,592
182,610
184,569
186,541
188,530
190,529
192,532
194,540
196,548
198,551
200,561
202,590
204,591
206,554
208,535
210,596
212,622
214,624
216,562
218,509
220,511
222,556
224,518
226,565
228,542
230,506
232,525
234,516
236,529
238,547
240,525
242,518
244,522
246,524
248,503
250,514
252,513
254,495
256,523
258,526
260,519
262,550
264,550
266,527
268,541
270,499
272,587
274,594
276,559
278,519
280,525
282,502
284,509
286,540
288,512
290,491
292,504
294,502
296,562
298,601
300,566
Run 2
2,613
4,626
6,610
8,648
10,653
12,601
14,584
16,586
18,579
20,594
22,556
24,573
26,585
28,591
30,567
32,566
34,551
36,549
38,569
40,574
42,560
44,560
46,598
48,673
50,623
52,625
54,566
56,565
58,547
60,566
62,544
64,557
66,574
68,534
70,546
72,544
74,545
76,527
78,533
80,533
82,531
84,521
86,513
88,525
90,522
92,522
94,506
96,506
98,508
100,514
102,509
104,531
106,518
108,531
110,513
112,528
114,564
116,517
118,510
120,509
122,508
124,509
126,505
128,540
130,511
132,539
134,574
136,510
138,505
140,499
142,509
144,501
146,502
148,504
150,505
152,488
154,520
156,513
158,550
160,509
162,504
164,505
166,502
168,505
170,511
172,543
174,503
176,498
178,502
180,493
182,495
184,498
186,521
188,516
190,579
192,592
194,563
196,521
198,515
200,524
202,545
204,523
206,527
208,537
210,520
212,514
214,517
216,527
218,519
220,518
222,528
224,530
226,511
228,508
230,504
232,493
234,492
236,497
238,481
240,497
242,497
244,497
246,491
248,481
250,491
252,498
254,490
256,491
258,514
260,503
262,512
264,560
266,502
268,498
270,490
272,540
274,483
276,489
278,491
280,502
282,536
284,509
286,503
288,503
290,508
292,519
294,519
296,510
298,505
300,500
Run 3
2,657
4,628
6,615
8,610
10,597
12,597
14,607
16,590
18,598
20,614
22,601
24,559
26,561
28,573
30,554
32,565
34,572
36,596
38,557
40,555
42,540
44,538
46,543
48,538
50,527
52,546
54,561
56,564
58,535
60,546
62,547
64,559
66,566
68,553
70,552
72,534
74,550
76,552
78,552
80,556
82,560
84,561
86,590
88,635
90,616
92,530
94,534
96,516
98,544
100,571
102,508
104,510
106,515
108,539
110,586
112,562
114,590
116,544
118,607
120,581
122,545
124,531
126,549
128,554
130,538
132,555
134,533
136,521
138,614
140,538
142,545
144,538
146,540
148,560
150,528
152,510
154,547
156,562
158,516
160,517
162,526
164,511
166,548
168,522
170,525
172,510
174,509
176,511
178,520
180,516
182,543
184,554
186,499
188,493
190,498
192,502
194,518
196,522
198,522
200,547
202,541
204,565
206,545
208,556
210,528
212,505
214,501
216,543
218,582
220,572
222,520
224,499
226,493
228,541
230,543
232,500
234,499
236,499
238,586
240,544
242,523
244,503
246,529
248,507
250,508
252,526
254,506
256,526
258,509
260,500
262,504
264,503
266,568
268,487
270,542
272,538
274,535
276,585
278,493
280,588
282,574
284,511
286,501
288,490
290,499
292,493
294,483
296,492
298,489
300,489
The array size of 4220000
Run 1
2,1324
4,874
6,788
8,805
10,767
12,822
14,827
16,805
18,800
20,773
22,728
24,721
26,732
28,757
30,794
32,826
34,809
36,751
38,712
40,719
42,724
44,715
46,745
48,784
50,718
52,739
54,724
56,781
58,700
60,722
62,682
64,682
66,694
68,705
70,704
72,695
74,701
76,690
78,695
80,689
82,815
84,718
86,707
88,713
90,710
92,685
94,719
96,742
98,770
100,685
102,684
104,742
106,740
108,716
110,652
112,666
114,714
116,660
118,656
120,647
122,643
124,660
126,660
128,725
130,686
132,662
134,748
136,747
138,670
140,687
142,734
144,681
146,698
148,733
150,669
152,661
154,680
156,674
158,759
160,724
162,736
164,661
166,656
168,672
170,673
172,672
174,658
176,675
178,784
180,663
182,717
184,712
186,733
188,691
190,686
192,684
194,658
196,643
198,663
200,684
202,670
204,690
206,680
208,665
210,662
212,649
214,650
216,633
218,635
220,633
222,630
224,630
226,613
228,628
230,631
232,627
234,628
236,640
238,626
240,630
242,606
244,632
246,622
248,634
250,625
252,628
254,626
256,625
258,618
260,632
262,633
264,618
266,627
268,634
270,630
272,626
274,613
276,626
278,627
280,627
282,627
284,625
286,629
288,624
290,615
292,629
294,632
296,627
298,636
300,635
Run 2
2,752
4,820
6,748
8,729
10,733
12,729
14,705
16,703
18,705
20,705
22,710
24,716
26,694
28,700
30,709
32,763
34,888
36,719
38,711
40,704
42,699
44,790
46,777
48,746
50,714
52,699
54,781
56,785
58,717
60,747
62,745
64,690
66,700
68,705
70,697
72,702
74,703
76,717
78,729
80,802
82,802
84,726
86,733
88,720
90,721
92,747
94,761
96,701
98,669
100,679
102,694
104,686
106,665
108,658
110,659
112,664
114,710
116,677
118,724
120,723
122,707
124,674
126,669
128,716
130,685
132,678
134,682
136,702
138,689
140,701
142,722
144,667
146,674
148,692
150,664
152,661
154,722
156,659
158,671
160,671
162,695
164,664
166,693
168,655
170,638
172,653
174,651
176,645
178,643
180,643
182,639
184,783
186,652
188,658
190,648
192,668
194,740
196,718
198,721
200,729
202,631
204,660
206,678
208,786
210,682
212,608
214,641
216,655
218,719
220,652
222,655
224,672
226,660
228,638
230,665
232,666
234,657
236,681
238,669
240,674
242,659
244,739
246,668
248,643
250,650
252,729
254,731
256,653
258,750
260,675
262,657
264,734
266,727
268,669
270,656
272,661
274,686
276,687
278,662
280,644
282,687
284,674
286,669
288,681
290,689
292,698
294,713
296,717
298,688
300,654
Run 3
2,818
4,842
6,805
8,762
10,809
12,733
14,766
16,778
18,753
20,745
22,783
24,784
26,723
28,685
30,720
32,706
34,691
36,686
38,688
40,688
42,705
44,715
46,706
48,772
50,736
52,709
54,741
56,713
58,703
60,686
62,672
64,692
66,695
68,690
70,729
72,701
74,782
76,712
78,765
80,687
82,666
84,680
86,665
88,675
90,729
92,765
94,841
96,687
98,708
100,755
102,765
104,671
106,679
108,664
110,656
112,654
114,658
116,657
118,659
120,655
122,651
124,663
126,673
128,651
130,685
132,659
134,784
136,814
138,683
140,712
142,641
144,659
146,711
148,730
150,654
152,682
154,701
156,659
158,647
160,652
162,719
164,668
166,729
168,647
170,677
172,682
174,681
176,679
178,774
180,761
182,735
184,661
186,647
188,648
190,642
192,698
194,652
196,636
198,731
200,809
202,700
204,642
206,651
208,690
210,698
212,673
214,691
216,695
218,657
220,664
222,640
224,772
226,670
228,661
230,650
232,711
234,743
236,680
238,728
240,676
242,730
244,636
246,631
248,634
250,671
252,679
254,714
256,678
258,778
260,684
262,673
264,637
266,728
268,648
270,689
272,632
274,633
276,678
278,696
280,643
282,636
284,643
286,664
288,665
290,681
292,651
294,643
296,650
298,692
300,677
The array size of 4920000
Run 1
2,1551
4,1152
6,1099
8,941
10,971
12,974
14,940
16,960
18,1025
20,978
22,967
24,955
26,961
28,983
30,904
32,966
34,898
36,898
38,933
40,855
42,873
44,881
46,913
48,895
50,916
52,907
54,876
56,928
58,934
60,938
62,845
64,850
66,893
68,830
70,841
72,949
74,988
76,1012
78,970
80,920
82,821
84,819
86,820
88,818
90,887
92,942
94,849
96,876
98,975
100,864
102,909
104,879
106,925
108,898
110,849
112,826
114,845
116,957
118,891
120,882
122,871
124,857
126,852
128,890
130,796
132,816
134,834
136,806
138,823
140,821
142,816
144,819
146,804
148,859
150,840
152,946
154,821
156,830
158,851
160,859
162,845
164,945
166,987
168,855
170,946
172,938
174,836
176,843
178,810
180,827
182,799
184,811
186,801
188,831
190,818
192,817
194,832
196,820
198,788
200,823
202,905
204,835
206,976
208,821
210,796
212,797
214,792
216,820
218,1007
220,967
222,945
224,806
226,975
228,882
230,853
232,816
234,814
236,824
238,811
240,826
242,792
244,878
246,816
248,850
250,825
252,807
254,865
256,823
258,860
260,836
262,831
264,836
266,866
268,826
270,840
272,864
274,817
276,904
278,962
280,930
282,934
284,906
286,836
288,814
290,794
292,846
294,820
296,829
298,789
300,780
Run 2
2,966
4,943
6,932
8,906
10,912
12,925
14,900
16,889
18,881
20,884
22,890
24,874
26,889
28,870
30,862
32,863
34,849
36,862
38,868
40,853
42,849
44,855
46,853
48,843
50,858
52,859
54,840
56,840
58,841
60,836
62,840
64,824
66,835
68,836
70,811
72,832
74,823
76,822
78,831
80,827
82,822
84,828
86,841
88,827
90,820
92,838
94,804
96,837
98,827
100,825
102,814
104,835
106,819
108,833
110,830
112,832
114,827
116,841
118,822
120,816
122,820
124,824
126,816
128,816
130,797
132,800
134,806
136,803
138,813
140,802
142,786
144,814
146,779
148,805
150,797
152,801
154,814
156,806
158,798
160,817
162,799
164,804
166,798
168,798
170,797
172,803
174,804
176,821
178,814
180,787
182,790
184,806
186,797
188,792
190,804
192,784
194,799
196,822
198,798
200,798
202,791
204,790
206,781
208,791
210,777
212,782
214,793
216,792
218,793
220,783
222,803
224,803
226,796
228,788
230,784
232,796
234,793
236,800
238,798
240,790
242,794
244,784
246,795
248,799
250,804
252,788
254,789
256,769
258,782
260,798
262,790
264,799
266,784
268,782
270,796
272,789
274,785
276,775
278,786
280,792
282,781
284,792
286,789
288,783
290,776
292,787
294,781
296,790
298,793
300,789
Run 3
2,960
4,936
6,941
8,917
10,913
12,925
14,919
16,900
18,893
20,893
22,889
24,882
26,886
28,876
30,859
32,856
34,855
36,907
38,950
40,888
42,959
44,988
46,965
48,944
50,982
52,1345
54,1139
56,1177
58,1117
60,1172
62,1552
64,1167
66,1042
68,922
70,866
72,882
74,885
76,908
78,926
80,922
82,930
84,861
86,861
88,934
90,952
92,911
94,862
96,886
98,881
100,903
102,855
104,872
106,852
108,865
110,847
112,840
114,825
116,815
118,772
120,809
122,817
124,818
126,801
128,799
130,801
132,798
134,794
136,806
138,793
140,810
142,798
144,801
146,799
148,794
150,809
152,812
154,810
156,822
158,800
160,823
162,814
164,818
166,823
168,826
170,835
172,843
174,824
176,808
178,820
180,825
182,821
184,817
186,818
188,804
190,798
192,758
194,845
196,840
198,840
200,820
202,818
204,836
206,827
208,827
210,816
212,792
214,724
216,818
218,833
220,849
222,838
224,819
226,821
228,818
230,805
232,812
234,844
236,841
238,813
240,803
242,778
244,796
246,805
248,797
250,791
252,784
254,781
256,809
258,804
260,816
262,792
264,820
266,809
268,800
270,818
272,821
274,816
276,786
278,814
280,795
282,822
284,808
286,815
288,805
290,816
292,781
294,799
296,805
298,821
300,816
The array size of 5620000
Run 1
2,1730
4,1192
6,1200
8,1172
10,1160
12,1159
14,1151
16,1128
18,1128
20,1141
22,1133
24,1100
26,1129
28,1100
30,1130
32,1115
34,1077
36,1065
38,1059
40,1069
42,1065
44,1073
46,1068
48,1079
50,1078
52,1069
54,1060
56,1078
58,1095
60,1098
62,1067
64,1081
66,1078
68,1051
70,1006
72,1008
74,997
76,991
78,985
80,993
82,1011
84,990
86,997
88,1074
90,1079
92,1070
94,1131
96,1138
98,1010
100,1004
102,997
104,994
106,999
108,994
110,1020
112,1012
114,1000
116,1000
118,1016
120,990
122,994
124,990
126,995
128,1001
130,1009
132,997
134,987
136,986
138,988
140,1012
142,1014
144,1003
146,1020
148,1104
150,1049
152,1054
154,1095
156,1067
158,1033
160,1096
162,1064
164,1058
166,1019
168,992
170,986
172,986
174,980
176,970
178,972
180,981
182,977
184,977
186,982
188,988
190,971
192,985
194,1074
196,1089
198,1093
200,1046
202,1014
204,1019
206,996
208,986
210,976
212,979
214,978
216,975
218,989
220,990
222,972
224,967
226,973
228,981
230,967
232,975
234,975
236,968
238,992
240,976
242,980
244,976
246,979
248,1000
250,967
252,966
254,972
256,968
258,987
260,960
262,983
264,986
266,967
268,992
270,978
272,968
274,958
276,965
278,963
280,970
282,967
284,960
286,942
288,971
290,980
292,963
294,950
296,960
298,962
300,976
Run 2
2,1180
4,1173
6,1188
8,1196
10,1171
12,1167
14,1158
16,1164
18,1136
20,1129
22,1132
24,1118
26,1149
28,1133
30,1121
32,1117
34,1125
36,1100
38,1085
40,1080
42,1081
44,1103
46,1094
48,1111
50,1081
52,1092
54,1094
56,1085
58,1088
60,1074
62,1099
64,1083
66,1068
68,1073
70,1063
72,1070
74,1058
76,1054
78,1046
80,1051
82,1058
84,1046
86,1048
88,1043
90,1052
92,1037
94,1043
96,1035
98,1024
100,1050
102,1026
104,1015
106,1020
108,1014
110,1031
112,1001
114,1015
116,1015
118,1010
120,1028
122,1015
124,1013
126,1014
128,1009
130,1024
132,1012
134,1014
136,1000
138,1000
140,1001
142,984
144,989
146,984
148,996
150,998
152,986
154,980
156,989
158,981
160,1000
162,974
164,986
166,989
168,979
170,995
172,981
174,977
176,969
178,979
180,1000
182,980
184,979
186,980
188,978
190,1004
192,985
194,983
196,972
198,974
200,994
202,990
204,980
206,978
208,979
210,1000
212,978
214,974
216,975
218,967
220,977
222,975
224,963
226,959
228,971
230,973
232,976
234,962
236,966
238,971
240,971
242,990
244,961
246,962
248,973
250,973
252,991
254,970
256,968
258,970
260,968
262,986
264,973
266,975
268,965
270,959
272,986
274,965
276,973
278,960
280,956
282,973
284,966
286,966
288,966
290,962
292,967
294,970
296,1001
298,1157
300,978
Run 3
2,1213
4,1197
6,1360
8,1351
10,1410
12,1347
14,1348
16,1264
18,1244
20,1152
22,1174
24,1149
26,1156
28,1144
30,1135
32,1122
34,1115
36,1095
38,1088
40,1078
42,1079
44,1093
46,1083
48,1083
50,1093
52,1082
54,1103
56,1076
58,1073
60,1079
62,1080
64,1084
66,1083
68,1071
70,1062
72,1054
74,1040
76,1046
78,1037
80,1029
82,1037
84,1020
86,1012
88,1014
90,1007
92,1024
94,1027
96,1023
98,1022
100,1021
102,1030
104,1025
106,1018
108,1012
110,1020
112,1029
114,1022
116,1011
118,1014
120,1017
122,1023
124,1015
126,1012
128,1006
130,1019
132,1025
134,1022
136,1009
138,999
140,1013
142,1004
144,989
146,979
148,977
150,992
152,990
154,976
156,969
158,978
160,986
162,991
164,974
166,990
168,980
170,999
172,986
174,980
176,978
178,980
180,981
182,996
184,984
186,982
188,973
190,986
192,996
194,981
196,976
198,975
200,985
202,993
204,980
206,976
208,973
210,971
212,995
214,966
216,968
218,964
220,966
222,989
224,967
226,968
228,967
230,967
232,987
234,971
236,972
238,966
240,973
242,988
244,965
246,933
248,950
250,970
252,976
254,981
256,973
258,977
260,975
262,970
264,984
266,964
268,969
270,968
272,963
274,983
276,959
278,968
280,970
282,956
284,1024
286,1012
288,987
290,983
292,956
294,984
296,958
298,949
300,956
The array size of 6320000
Run 1
2,2034
4,1388
6,1392
8,1394
10,1370
12,1383
14,1382
16,1398
18,1359
20,1339
22,1342
24,1358
26,1358
28,1338
30,1349
32,1340
34,1341
36,1321
38,1320
40,1309
42,1301
44,1283
46,1319
48,1279
50,1294
52,1284
54,1305
56,1279
58,1291
60,1277
62,1324
64,1277
66,1295
68,1296
70,1320
72,1275
74,1265
76,1276
78,1281
80,1260
82,1253
84,1238
86,1258
88,1242
90,1237
92,1252
94,1274
96,1258
98,1405
100,1367
102,1324
104,1332
106,1354
108,1286
110,1280
112,1271
114,1364
116,1441
118,1243
120,1302
122,1292
124,1237
126,1242
128,1231
130,1304
132,1258
134,1242
136,1237
138,1251
140,1223
142,1234
144,1254
146,1230
148,1255
150,1241
152,1247
154,1229
156,1235
158,1232
160,1224
162,1202
164,1202
166,1208
168,1203
170,1198
172,1206
174,1208
176,1211
178,1218
180,1204
182,1222
184,1218
186,1210
188,1194
190,1212
192,1221
194,1224
196,1200
198,1205
200,1207
202,1205
204,1193
206,1213
208,1212
210,1208
212,1266
214,1192
216,1197
218,1203
220,1204
222,1197
224,1212
226,1202
228,1197
230,1208
232,1207
234,1212
236,1197
238,1196
240,1205
242,1208
244,1202
246,1187
248,1200
250,1185
252,1212
254,1197
256,1199
258,1193
260,1211
262,1179
264,1286
266,1225
268,1392
270,1207
272,1188
274,1204
276,1285
278,1253
280,1294
282,1222
284,1236
286,1220
288,1272
290,1272
292,1181
294,1174
296,1186
298,1185
300,1190
Run 2
2,1497
4,1558
6,1540
8,1477
10,1366
12,1383
14,1624
16,1507
18,1340
20,1328
22,1301
24,1352
26,1292
28,1307
30,1315
32,1388
34,1526
36,1341
38,1265
40,1236
42,1222
44,1266
46,1475
48,1353
50,1295
52,1238
54,1228
56,1219
58,1211
60,1230
62,1209
64,1272
66,1281
68,1241
70,1239
72,1217
74,1297
76,1208
78,1311
80,1292
82,1270
84,1199
86,1436
88,1338
90,1274
92,1295
94,1245
96,1285
98,1270
100,1255
102,1264
104,1223
106,1222
108,1272
110,1256
112,1248
114,1310
116,1282
118,1226
120,1203
122,1199
124,1179
126,1177
128,1284
130,1316
132,1302
134,1257
136,1305
138,1266
140,1260
142,1254
144,1353
146,1253
148,1208
150,1237
152,1197
154,1225
156,1221
158,1398
160,1279
162,1233
164,1214
166,1239
168,1282
170,1229
172,1242
174,1228
176,1229
178,1190
180,1213
182,1193
184,1187
186,1179
188,1259
190,1246
192,1196
194,1187
196,1172
198,1157
200,1158
202,1149
204,1159
206,1187
208,1353
210,1194
212,1281
214,1290
216,1193
218,1176
220,1147
222,1155
224,1155
226,1142
228,1152
230,1193
232,1216
234,1294
236,1367
238,1279
240,1323
242,1260
244,1247
246,1258
248,1173
250,1165
252,1186
254,1141
256,1174
258,1232
260,1263
262,1224
264,1169
266,1161
268,1142
270,1146
272,1133
274,1137
276,1142
278,1140
280,1132
282,1151
284,1141
286,1140
288,1141
290,1134
292,1144
294,1133
296,1140
298,1133
300,1133
Run 3
2,1356
4,1333
6,1352
8,1349
10,1296
12,1304
14,1327
16,1312
18,1294
20,1280
22,1374
24,1406
26,1394
28,1315
30,1384
32,1356
34,1702
36,1525
38,1312
40,1401
42,1339
44,1222
46,1238
48,1217
50,1261
52,1230
54,1242
56,1337
58,1361
60,1288
62,1297
64,1288
66,1252
68,1231
70,1385
72,1307
74,1269
76,1233
78,1210
80,1182
82,1183
84,1222
86,1218
88,1276
90,1231
92,1455
94,1437
96,1512
98,1593
100,1294
102,1481
104,1500
106,1418
108,1365
110,1396
112,1456
114,1508
116,1466
118,1295
120,1280
122,1238
124,1196
126,1196
128,1203
130,1190
132,1189
134,1177
136,1185
138,1241
140,1223
142,1239
144,1222
146,1192
148,1212
150,1182
152,1169
154,1190
156,1169
158,1178
160,1296
162,1253
164,1181
166,1183
168,1145
170,1312
172,1244
174,1145
176,1138
178,1155
180,1150
182,1154
184,1133
186,1143
188,1148
190,1152
192,1151
194,1175
196,1261
198,1259
200,1167
202,1161
204,1163
206,1155
208,1152
210,1146
212,1155
214,1158
216,1152
218,1147
220,1131
222,1187
224,1151
226,1153
228,1139
230,1183
232,1206
234,1518
236,1206
238,1164
240,1149
242,1159
244,1145
246,1157
248,1141
250,1159
252,1145
254,1149
256,1146
258,1150
260,1151
262,1143
264,1154
266,1149
268,1143
270,1139
272,1142
274,1148
276,1138
278,1158
280,1116
282,1145
284,1137
286,1140
288,1135
290,1145
292,1139
294,1149
296,1146
298,1145
300,1140
The array size of 7020000
Run 1
2,2200
4,1560
6,1558
8,1560
10,1563
12,1558
14,1576
16,1545
18,1566
20,1570
22,1496
24,1528
26,1558
28,1516
30,1719
32,1840
34,1556
36,1759
38,1530
40,1499
42,1494
44,1629
46,1596
48,1498
50,1551
52,1482
54,1623
56,1652
58,1668
60,1739
62,1679
64,1609
66,1608
68,1492
70,1466
72,1548
74,1568
76,1468
78,1443
80,1415
82,1673
84,1570
86,1618
88,1572
90,1511
92,1468
94,1471
96,1445
98,1419
100,1428
102,1594
104,1591
106,1558
108,1458
110,1430
112,1407
114,1446
116,1404
118,1460
120,1460
122,1420
124,1401
126,1407
128,1380
130,1396
132,1391
134,1548
136,1726
138,1391
140,1396
142,1393
144,1387
146,1692
148,1443
150,1452
152,1704
154,1417
156,1412
158,1402
160,1377
162,1386
164,1384
166,1379
168,1374
170,1403
172,1425
174,1392
176,1403
178,1425
180,1404
182,1385
184,1399
186,1367
188,1366
190,1346
192,1273
194,1152
196,1320
198,1372
200,1439
202,1385
204,1416
206,1419
208,1426
210,1463
212,1421
214,1415
216,1420
218,1380
220,1432
222,1415
224,1453
226,1357
228,1364
230,1420
232,1412
234,1514
236,1747
238,1680
240,1564
242,1372
244,1391
246,1435
248,1469
250,1380
252,1359
254,1357
256,1396
258,1349
260,1338
262,1353
264,1329
266,1335
268,1322
270,1347
272,1330
274,1325
276,1323
278,1334
280,1350
282,1364
284,1427
286,1393
288,1416
290,1361
292,1371
294,1395
296,1414
298,1529
300,1456
Run 2
2,1823
4,1875
6,1577
8,1548
10,1530
12,1538
14,1543
16,1678
18,1580
20,1573
22,1531
24,1537
26,1532
28,1534
30,1538
32,1537
34,1550
36,1530
38,1543
40,1547
42,1508
44,1505
46,1477
48,1488
50,1493
52,1490
54,1488
56,1491
58,1515
60,1514
62,1465
64,1493
66,1504
68,1507
70,1528
72,1504
74,1487
76,1501
78,1509
80,1516
82,1476
84,1499
86,1487
88,1475
90,1478
92,1459
94,1438
96,1436
98,1452
100,1430
102,1444
104,1449
106,1445
108,1424
110,1451
112,1460
114,1442
116,1433
118,1421
120,1446
122,1426
124,1424
126,1442
128,1436
130,1445
132,1436
134,1446
136,1436
138,1435
140,1464
142,1459
144,1435
146,1443
148,1430
150,1432
152,1436
154,1439
156,1437
158,1448
160,1451
162,1430
164,1433
166,1444
168,1439
170,1425
172,1403
174,1447
176,1419
178,1414
180,1419
182,1404
184,1402
186,1413
188,1409
190,1397
192,1387
194,1397
196,1423
198,1419
200,1397
202,1405
204,1383
206,1420
208,1396
210,1424
212,1393
214,1397
216,1427
218,1425
220,1410
222,1396
224,1413
226,1403
228,1413
230,1418
232,1410
234,1406
236,1385
238,1440
240,1423
242,1408
244,1410
246,1404
248,1391
250,1407
252,1419
254,1409
256,1395
258,1407
260,1423
262,1407
264,1392
266,1397
268,1388
270,1404
272,1382
274,1391
276,1328
278,1395
280,1391
282,1398
284,1386
286,1371
288,1418
290,1405
292,1391
294,1397
296,1419
298,1401
300,1378
Run 3
2,1655
4,1631
6,1620
8,1644
10,1637
12,1613
14,1582
16,1560
18,1563
20,1538
22,1511
24,1522
26,1504
28,1517
30,1497
32,1500
34,1520
36,1522
38,1513
40,1519
42,1488
44,1468
46,1454
48,1471
50,1468
52,1443
54,1472
56,1465
58,1438
60,1450
62,1444
64,1462
66,1462
68,1463
70,1461
72,1476
74,1460
76,1467
78,1465
80,1464
82,1460
84,1439
86,1436
88,1430
90,1437
92,1425
94,1415
96,1433
98,1425
100,1426
102,1419
104,1421
106,1418
108,1440
110,1403
112,1411
114,1407
116,1412
118,1426
120,1415
122,1416
124,1430
126,1856
128,1485
130,1530
132,1530
134,1440
136,1436
138,1444
140,1440
142,1452
144,1463
146,1445
148,1443
150,1430
152,1447
154,1436
156,1437
158,1458
160,1449
162,1442
164,1449
166,1447
168,1434
170,1418
172,1437
174,1430
176,1432
178,1421
180,1407
182,1413
184,1414
186,1417
188,1417
190,1469
192,1478
194,1417
196,1389
198,1408
200,1414
202,1420
204,1403
206,1408
208,1416
210,1389
212,1401
214,1411
216,1412
218,1406
220,1415
222,1423
224,1398
226,1388
228,1410
230,1399
232,1391
234,1418
236,1333
238,1404
240,1386
242,1426
244,1409
246,1400
248,1395
250,1386
252,1412
254,1403
256,1406
258,1399
260,1396
262,1393
264,1418
266,1240
268,1503
270,1473
272,1441
274,1445
276,1357
278,1358
280,1350
282,1327
284,1331
286,1327
288,1339
290,1334
292,1339
294,1334
296,1334
298,1332
300,1342
The array size of 7720000
Run 1
2,2531
4,1810
6,1759
8,1738
10,1760
12,1731
14,1719
16,1724
18,1744
20,1912
22,1969
24,1941
26,1773
28,2300
30,1787
32,1916
34,1804
36,1820
38,1772
40,1706
42,1711
44,1699
46,1680
48,1648
50,1638
52,1620
54,1655
56,1641
58,1638
60,1643
62,1643
64,1638
66,1625
68,1642
70,1633
72,1630
74,1645
76,1624
78,1619
80,1637
82,1627
84,1624
86,1690
88,1902
90,1703
92,1641
94,1609
96,1609
98,1601
100,1574
102,1581
104,1636
106,1616
108,1608
110,1615
112,1585
114,1578
116,1581
118,1579
120,1571
122,1587
124,1581
126,1578
128,1568
130,1575
132,1580
134,1568
136,1589
138,1566
140,1577
142,1580
144,1583
146,1568
148,1569
150,1579
152,1560
154,1578
156,1581
158,1556
160,1568
162,1562
164,1566
166,1566
168,1582
170,1580
172,1566
174,1573
176,1585
178,1576
180,1580
182,1582
184,1560
186,1581
188,1701
190,1674
192,1621
194,1568
196,1557
198,1549
200,1556
202,1546
204,1562
206,1554
208,1551
210,1524
212,1551
214,1538
216,1554
218,1556
220,1549
222,1520
224,1548
226,1545
228,1533
230,1534
232,1554
234,1530
236,1528
238,1542
240,1546
242,1538
244,1544
246,1545
248,1529
250,1558
252,1580
254,1825
256,1806
258,1596
260,1644
262,1723
264,1639
266,1584
268,1609
270,1604
272,1593
274,1616
276,1610
278,1583
280,1599
282,1597
284,1592
286,1582
288,1594
290,1591
292,1561
294,1598
296,1584
298,1565
300,1589
Run 2
2,1857
4,1856
6,1808
8,1817
10,1809
12,1733
14,1759
16,1777
18,1763
20,1801
22,1776
24,1742
26,1731
28,1745
30,1738
32,1720
34,1736
36,1735
38,1748
40,1753
42,1730
44,1717
46,1738
48,1714
50,1703
52,1703
54,1682
56,1665
58,1665
60,1671
62,1678
64,1685
66,1662
68,1655
70,1687
72,1675
74,1660
76,1739
78,1690
80,1671
82,1687
84,1678
86,1686
88,1710
90,1657
92,1666
94,1675
96,1644
98,1631
100,1657
102,1645
104,1636
106,1645
108,1635
110,1624
112,1646
114,1641
116,1635
118,1665
120,1635
122,1623
124,1651
126,1648
128,1631
130,1655
132,1640
134,1639
136,1650
138,1628
140,1613
142,1639
144,1632
146,1624
148,1643
150,1642
152,1628
154,1640
156,1629
158,1618
160,1639
162,1636
164,1628
166,1638
168,1650
170,1627
172,1625
174,1626
176,1613
178,1638
180,1628
182,1626
184,1646
186,1618
188,1616
190,1625
192,1619
194,1612
196,1585
198,1604
200,1579
202,1581
204,1593
206,1601
208,1572
210,1605
212,1582
214,1589
216,1612
218,1602
220,1564
222,1612
224,1603
226,1573
228,1580
230,1642
232,1616
234,1679
236,1573
238,1580
240,1598
242,1766
244,1894
246,1867
248,1687
250,1904
252,1628
254,1614
256,1614
258,1604
260,1587
262,1581
264,1540
266,1572
268,1565
270,1597
272,1578
274,1568
276,1552
278,1569
280,1528
282,1507
284,1527
286,1517
288,1506
290,1530
292,1519
294,1517
296,1507
298,1514
300,1507
Run 3
2,1783
4,1777
6,1767
8,1757
10,1741
12,1733
14,1737
16,1722
18,1704
20,1741
22,1716
24,1664
26,1665
28,1687
30,1652
32,1674
34,1662
36,1639
38,1664
40,1662
42,1672
44,1681
46,1657
48,1700
50,1691
52,1693
54,1928
56,1809
58,1641
60,1606
62,1615
64,1601
66,1658
68,1696
70,1869
72,1772
74,1646
76,1818
78,1959
80,1699
82,1802
84,2136
86,1824
88,1737
90,1726
92,1786
94,1705
96,1668
98,1613
100,1581
102,1582
104,1577
106,1562
108,1555
110,1578
112,1562
114,1578
116,1579
118,1549
120,1553
122,1579
124,1567
126,1552
128,1580
130,1578
132,1561
134,1587
136,1571
138,1565
140,1576
142,1583
144,1573
146,1592
148,1620
150,1724
152,1595
154,1574
156,1564
158,1618
160,1668
162,1593
164,1619
166,1732
168,1762
170,1717
172,1597
174,1618
176,1553
178,1580
180,1750
182,1680
184,1631
186,1560
188,1579
190,1567
192,1565
194,1537
196,1551
198,1546
200,1506
202,1528
204,1533
206,1568
208,1560
210,1560
212,1537
214,1540
216,1696
218,1732
220,1912
222,1818
224,1858
226,2877
228,2802
230,2789
232,2948
234,2863
236,2419
238,2623
240,2734
242,2819
244,2412
246,2449
248,2405
250,2392
252,2449
254,2430
256,2428
258,2402
260,2444
262,2417
264,2443
266,2413
268,2456
270,2396
272,2440
274,2411
276,2452
278,2406
280,2412
282,2358
284,2391
286,2366
288,2406
290,2339
292,2379
294,2348
296,2719
298,2683
300,2637
The array size of 8420000
Run 1
2,5485
4,3593
6,3587
8,3310
10,3312
12,3227
14,3183
16,3182
18,3284
20,3180
22,3175
24,3164
26,3070
28,3040
30,3042
32,3040
34,3043
36,3055
38,3039
40,3013
42,3004
44,3016
46,3014
48,3015
50,3099
52,2943
54,2901
56,2891
58,2895
60,2927
62,2881
64,2882
66,2944
68,3140
70,2886
72,2880
74,2880
76,2876
78,2869
80,2951
82,3154
84,3583
86,2959
88,3030
90,3578
92,2932
94,3329
96,2919
98,2918
100,3316
102,3387
104,2994
106,2932
108,2969
110,2811
112,3371
114,2891
116,2765
118,2784
120,2830
122,3137
124,2938
126,3166
128,3216
130,3047
132,2933
134,2799
136,2734
138,2737
140,2744
142,2741
144,2743
146,2745
148,2737
150,2736
152,2759
154,2771
156,85062
158,3174
160,3044
162,2853
164,2834
166,3006
168,2915
170,2898
172,2835
174,2813
176,2826
178,2898
180,2814
182,2738
184,2732
186,2723
188,2722
190,2725
192,2726
194,2731
196,2726
198,2734
200,2732
202,2762
204,187162
206,3293
208,3048
210,3045
212,2807
214,2851
216,2728
218,2759
220,2843
222,2776
224,2652
226,2638
228,2629
230,2638
232,2634
234,2630
236,2639
238,2646
240,2651
242,2638
244,2636
246,5541
248,3773
250,2752
252,2749
254,2926
256,2711
258,2719
260,2723
262,2731
264,2720
266,2731
268,2953
270,2757
272,2709
274,2710
276,2714
278,2703
280,2710
282,2923
284,3200
286,2803
288,2710
290,2698
292,2710
294,2720
296,2782
298,2712
300,2709
Run 2
2,3480
4,3426
6,3339
8,3326
10,3348
12,3256
14,3202
16,3202
18,3205
20,3204
22,3201
24,3179
26,3094
28,3076
30,3073
32,3075
34,3093
36,3133
38,3677
40,3876
42,3816
44,3354
46,3080
48,3196
50,3836
52,3658
54,3245
56,2940
58,3331
60,3533
62,3665
64,3292
66,2950
68,2940
70,2950
72,2944
74,2941
76,2940
78,2940
80,2928
82,3517
84,3263
86,3692
88,3442
90,3332
92,3094
94,3174
96,3369
98,3255
100,3664
102,3652
104,3306
106,3424
108,3866
110,3001
112,3145
114,2736
116,2779
118,2721
120,2720
122,2731
124,2763
126,7248582
128,3695
130,2989
132,2826
134,2813
136,2741
138,2734
140,2736
142,2744
144,2734
146,2737
148,2740
150,2872
152,2767
154,1044565
156,2147
158,1657
160,1756
162,1753
164,1693
166,1743
168,1958
170,1799
172,1748
174,1719
176,1684
178,1676
180,1635
182,1634
184,1610
186,1595
188,1589
190,1597
192,1590
194,1591
196,1625
198,1639
200,1638
202,1696
204,1583
206,1578
208,1572
210,1568
212,1567
214,1565
216,1558
218,1561
220,1561
222,1546
224,1558
226,1573
228,1569
230,1524
232,1560
234,1568
236,1553
238,1551
240,1550
242,1553
244,1559
246,1569
248,1545
250,1541
252,1564
254,1553
256,1546
258,1546
260,1554
262,1549
264,1556
266,1559
268,1574
270,1544
272,1487
274,1556
276,1549
278,1546
280,1543
282,1555
284,1545
286,1551
288,1562
290,1552
292,1548
294,1559
296,1553
298,1547
300,1552
Run 3
2,1903
4,1877
6,1825
8,1825
10,1816
12,1783
14,1762
16,1762
18,1761
20,1764
22,1762
24,1752
26,1714
28,1712
30,1709
32,1718
34,1708
36,1708
38,1717
40,1719
42,1706
44,1719
46,1704
48,1708
50,1692
52,1671
54,1654
56,1653
58,1652
60,1657
62,1655
64,1653
66,1647
68,1656
70,1644
72,1653
74,1661
76,1643
78,1637
80,1654
82,1646
84,1649
86,1636
88,1657
90,1647
92,1650
94,1641
96,1638
98,1646
100,1639
102,1635
104,1613
106,1607
108,1598
110,1591
112,1598
114,1596
116,1600
118,1592
120,1594
122,1598
124,1597
126,1597
128,1593
130,1599
132,1595
134,1605
136,1595
138,1590
140,1595
142,1597
144,1598
146,1599
148,1594
150,1592
152,1599
154,1598
156,1599
158,1593
160,1595
162,1592
164,1593
166,1586
168,1595
170,1590
172,1599
174,1601
176,1592
178,1592
180,1596
182,1592
184,1598
186,1598
188,1602
190,1597
192,1603
194,1598
196,1595
198,1588
200,1604
202,1582
204,1587
206,1586
208,1573
210,1575
212,1563
214,1565
216,1553
218,1564
220,1572
222,1552
224,1571
226,1643
228,1662
230,1707
232,1596
234,1563
236,1561
238,1569
240,1585
242,1574
244,1571
246,1564
248,1567
250,1567
252,1571
254,1564
256,1557
258,1558
260,1560
262,1561
264,1572
266,1553
268,1557
270,1563
272,1557
274,1573
276,1555
278,1558
280,1555
282,1551
284,1556
286,1559
288,1566
290,1582
292,1566
294,1559
296,1555
298,1557
300,1586
The array size of 9120000
Run 1
2,3044
4,2092
6,2035
8,2037
10,2085
12,2031
14,1978
16,1963
18,1967
20,1968
22,1974
24,1971
26,1967
28,1977
30,1906
32,1905
34,1909
36,1920
38,1906
40,1893
42,1898
44,1915
46,1920
48,1956
50,1871
52,1892
54,1899
56,1877
58,1852
60,1838
62,1846
64,1851
66,1843
68,1842
70,1858
72,1843
74,1838
76,1847
78,1834
80,1836
82,1830
84,1836
86,1853
88,1856
90,1844
92,1846
94,1851
96,1851
98,1846
100,1859
102,1840
104,1852
106,1839
108,1848
110,1842
112,1829
114,1823
116,1801
118,1801
120,1812
122,1810
124,1790
126,1781
128,1803
130,1794
132,1811
134,1842
136,1942
138,1868
140,1935
142,1809
144,1801
146,1912
148,1928
150,1888
152,2015
154,2026
156,1930
158,2105
160,2107
162,2142
164,1937
166,1937
168,1945
170,1923
172,1991
174,2172
176,1926
178,2091
180,1942
182,2083
184,1967
186,2028
188,2045
190,1872
192,2065
194,1790
196,1794
198,1753
200,1827
202,1933
204,1882
206,1913
208,1874
210,1913
212,1862
214,1855
216,1862
218,1829
220,1870
222,1867
224,1879
226,1794
228,1770
230,1805
232,1758
234,1711
236,1818
238,1886
240,1805
242,1822
244,1850
246,1860
248,1838
250,1821
252,1878
254,1808
256,1801
258,1843
260,1826
262,1800
264,1807
266,1840
268,1888
270,2027
272,1924
274,1854
276,1894
278,2199
280,2087
282,1996
284,2059
286,1930
288,2050
290,1885
292,1870
294,1852
296,1882
298,1854
300,1847
Run 2
2,2438
4,2262
6,2213
8,2201
10,2218
12,2202
14,2148
16,2124
18,2119
20,2118
22,2105
24,2120
26,2087
28,2029
30,2039
32,2021
34,2039
36,2056
38,2094
40,2237
42,3238
44,2114
46,1978
48,1961
50,1968
52,1978
54,1981
56,1928
58,1922
60,1906
62,1909
64,1919
66,1923
68,1915
70,1908
72,1911
74,1914
76,1943
78,1900
80,1887
82,1878
84,1884
86,1874
88,1885
90,1879
92,1905
94,1942
96,1887
98,1878
100,1864
102,1870
104,1879
106,1873
108,1861
110,1855
112,1851
114,1835
116,1822
118,1831
120,1828
122,1835
124,1826
126,1820
128,1826
130,1824
132,1817
134,1823
136,1809
138,1831
140,1826
142,1816
144,1805
146,1817
148,1821
150,1819
152,1814
154,1809
156,1818
158,1833
160,1825
162,1812
164,1814
166,1814
168,1821
170,1818
172,1809
174,1817
176,1817
178,1802
180,1810
182,1818
184,1814
186,1811
188,1802
190,1810
192,1813
194,1820
196,1821
198,1823
200,1811
202,1817
204,1818
206,1814
208,1822
210,1813
212,1817
214,1822
216,1838
218,1818
220,1810
222,1801
224,1804
226,1799
228,1788
230,1791
232,1797
234,1779
236,1778
238,1775
240,1766
242,1778
244,1776
246,1777
248,1774
250,1770
252,1779
254,1772
256,1772
258,1774
260,1778
262,1764
264,1767
266,1785
268,1763
270,1766
272,1780
274,1770
276,1772
278,1982
280,2035
282,1868
284,1895
286,1928
288,1927
290,1960
292,1931
294,1919
296,1944
298,2179
300,1971
Run 3
2,2481
4,2362
6,2085
8,2060
10,2023
12,2066
14,1996
16,2023
18,2013
20,1998
22,2014
24,1960
26,1989
28,1990
30,2009
32,2120
34,2053
36,2025
38,2137
40,2084
42,2344
44,2664
46,2243
48,2063
50,2053
52,2305
54,2507
56,2319
58,2166
60,2180
62,2123
64,2080
66,2071
68,2061
70,2077
72,2062
74,2062
76,2066
78,2069
80,2083
82,2050
84,2050
86,2051
88,2056
90,2053
92,2041
94,2034
96,2055
98,2046
100,2050
102,2036
104,1979
106,2040
108,2051
110,2089
112,2014
114,2007
116,1990
118,1986
120,1971
122,1982
124,1982
126,1975
128,2010
130,1987
132,1980
134,1974
136,1998
138,1981
140,2015
142,2225
144,2184
146,2045
148,2009
150,1983
152,1992
154,1932
156,1959
158,2008
160,2007
162,1994
164,1881
166,1889
168,1830
170,1817
172,1798
174,1793
176,1784
178,1791
180,1780
182,1788
184,1785
186,1782
188,1793
190,1776
192,1782
194,1777
196,1782
198,1774
200,1782
202,1781
204,1778
206,1783
208,1777
210,1775
212,1783
214,1778
216,1772
218,1900
220,1968
222,2099
224,2059
226,1903
228,1836
230,1841
232,1821
234,1805
236,1810
238,1855
240,1875
242,1864
244,1904
246,1806
248,1791
250,1802
252,1785
254,1783
256,1783
258,1782
260,1780
262,1796
264,1779
266,1778
268,1782
270,1780
272,1781
274,1792
276,1791
278,1793
280,1869
282,1812
284,1788
286,1792
288,1942
290,2093
292,1987
294,2984
296,2611
298,2175
300,2213
The array size of 9820000
Run 1
2,3709
4,2702
6,4184
8,2737
10,2652
12,2639
14,2543
16,2542
18,2537
20,2518
22,2506
24,2512
26,2496
28,2489
30,2407
32,2435
34,2423
36,2447
38,2420
40,2479
42,2430
44,2440
46,2436
48,2462
50,2435
52,2445
54,2454
56,2443
58,2440
60,2383
62,2269
64,2276
66,2268
68,2256
70,2249
72,2275
74,2270
76,2278
78,2266
80,2274
82,2267
84,2268
86,2520
88,2421
90,2251
92,2266
94,2271
96,2278
98,2272
100,2262
102,2287
104,2275
106,2276
108,2265
110,2255
112,2264
114,2274
116,2264
118,2257
120,2256
122,2257
124,2235
126,2217
128,2222
130,2204
132,2214
134,2210
136,2203
138,2216
140,2208
142,2222
144,2243
146,2225
148,2226
150,2234
152,2208
154,2212
156,2198
158,2279
160,2387
162,2298
164,2231
166,2207
168,2219
170,2214
172,2212
174,2215
176,2267
178,2257
180,2468
182,2175
184,2117
186,2205
188,2217
190,2209
192,2208
194,2205
196,2201
198,2208
200,2217
202,2205
204,2202
206,2202
208,2205
210,2205
212,2204
214,2202
216,2216
218,2208
220,2210
222,2203
224,2195
226,2213
228,2206
230,2198
232,2204
234,2209
236,2184
238,2183
240,2170
242,2158
244,2157
246,2152
248,2153
250,2138
252,2143
254,2153
256,2085
258,2032
260,2000
262,2004
264,1992
266,1969
268,1975
270,1969
272,1971
274,1985
276,1980
278,1988
280,1974
282,1974
284,1983
286,1976
288,1977
290,2113
292,2127
294,2013
296,1975
298,1979
300,1973
Run 2
2,2368
4,2326
6,2332
8,2270
10,2297
12,2275
14,2234
16,2203
18,2253
20,2204
22,2203
24,2224
26,2207
28,2202
30,2156
32,2143
34,2139
36,2155
38,2151
40,2132
42,2146
44,2146
46,2142
48,2144
50,2158
52,2149
54,2135
56,2145
58,2143
60,2113
62,2104
64,2085
66,2083
68,2081
70,2090
72,2089
74,2092
76,2096
78,2100
80,2093
82,2107
84,2088
86,2359
88,2353
90,2264
92,2307
94,2245
96,2142
98,2214
100,2303
102,2325
104,2351
106,2236
108,2227
110,2233
112,2241
114,2526
116,2426
118,2386
120,2339
122,2195
124,2210
126,2199
128,2207
130,2212
132,2202
134,2204
136,2193
138,2200
140,2204
142,2200
144,2196
146,2198
148,2206
150,2194
152,2201
154,2188
156,2190
158,2200
160,2187
162,2266
164,2419
166,2296
168,2195
170,2163
172,2178
174,2192
176,2196
178,2189
180,2188
182,2192
184,2185
186,2192
188,2184
190,2192
192,2187
194,2182
196,2181
198,2180
200,2189
202,2186
204,2174
206,2184
208,2191
210,2182
212,2186
214,2185
216,2196
218,2184
220,2195
222,2177
224,2183
226,2181
228,2179
230,2194
232,2186
234,2186
236,2171
238,2173
240,2181
242,2155
244,2167
246,2160
248,2154
250,2149
252,2143
254,2153
256,2106
258,2140
260,2131
262,2141
264,2144
266,2142
268,2148
270,2139
272,2144
274,2140
276,2145
278,2132
280,2134
282,2144
284,2134
286,2147
288,2116
290,2151
292,2137
294,2134
296,2147
298,2138
300,2140
Run 3
2,2496
4,2502
6,2477
8,2531
10,2601
12,2481
14,2377
16,2370
18,2380
20,2369
22,2380
24,2373
26,2377
28,2367
30,2330
32,2313
34,2318
36,2314
38,2303
40,2315
42,2313
44,2309
46,2313
48,2312
50,2314
52,2316
54,2327
56,2319
58,2304
60,2288
62,2276
64,2243
66,2252
68,2252
70,2258
72,2253
74,2369
76,2378
78,2262
80,2228
82,2236
84,2246
86,2243
88,2253
90,2251
92,2253
94,2256
96,2245
98,2249
100,2254
102,2255
104,2243
106,2254
108,2242
110,2241
112,2251
114,2235
116,2244
118,2239
120,2229
122,2200
124,2198
126,2203
128,2187
130,2195
132,2187
134,2184
136,2181
138,2182
140,2179
142,2190
144,2187
146,2188
148,2185
150,2184
152,2179
154,2180
156,2184
158,2182
160,2178
162,2181
164,2193
166,2185
168,2187
170,2187
172,2182
174,2171
176,2178
178,2183
180,2185
182,2179
184,2180
186,2184
188,2167
190,2171
192,2186
194,2176
196,2179
198,2177
200,2174
202,2186
204,2181
206,2183
208,2181
210,2185
212,2191
214,2187
216,2194
218,2194
220,2183
222,2219
224,2183
226,2187
228,2182
230,2185
232,2184
234,2176
236,2183
238,2178
240,2175
242,2165
244,2168
246,2159
248,2153
250,2152
252,2143
254,2148
256,2142
258,2154
260,2136
262,2145
264,2144
266,2143
268,2143
270,2139
272,2135
274,2134
276,2136
278,2137
280,2131
282,2144
284,2131
286,2132
288,2138
290,2152
292,2145
294,2144
296,2137
298,2131
300,2136
The array size of 10520000
Run 1
2,4112
4,2684
6,2751
8,2664
10,2665
12,2665
14,2652
16,2600
18,2607
20,2598
22,2599
24,2588
26,2592
28,2589
30,2592
32,2541
34,2523
36,2527
38,2538
40,2542
42,2535
44,2527
46,2532
48,2526
50,2534
52,2533
54,2533
56,2528
58,2536
60,2529
62,2520
64,2494
66,2470
68,2461
70,2458
72,2455
74,2465
76,2465
78,2459
80,2450
82,2456
84,2374
86,2456
88,2458
90,2461
92,2450
94,2466
96,2897
98,2765
100,2550
102,2481
104,2928
106,2650
108,2602
110,2481
112,2441
114,2539
116,2617
118,2454
120,2474
122,2471
124,2467
126,2464
128,2933
130,2905
132,2541
134,2439
136,2478
138,2960
140,3285
142,2561
144,2435
146,2447
148,2461
150,2445
152,2452
154,2444
156,2470
158,2454
160,2463
162,2451
164,2466
166,2455
168,2464
170,2454
172,2447
174,2447
176,2448
178,2440
180,2455
182,2510
184,2452
186,2453
188,2450
190,2496
192,2450
194,2445
196,2437
198,2456
200,2451
202,2438
204,2448
206,2442
208,2438
210,2435
212,3292
214,3001
216,2504
218,2492
220,2455
222,2436
224,2332
226,2120
228,2123
230,2438
232,2449
234,2442
236,2450
238,2435
240,2439
242,2439
244,2440
246,3872
248,3081
250,3389
252,4670
254,3328
256,4246
258,5375
260,4916
262,5401
264,4927
266,5156
268,4461
270,4344
272,4951
274,5295
276,5143
278,4207
280,3755
282,3408
284,3400
286,3613
288,3596
290,3560
292,3561
294,3340
296,2902
298,4078
300,3503
Run 2
2,2835
4,2986
6,2781
8,2774
10,2666
12,2714
14,2943
16,2545
18,2475
20,2457
22,2478
24,2454
26,2444
28,2438
30,2419
32,2369
34,2353
36,2332
38,2364
40,2336
42,2338
44,2364
46,2362
48,2339
50,2338
52,2345
54,2341
56,2340
58,2394
60,2401
62,2321
64,2308
66,2261
68,2257
70,2272
72,2298
74,2360
76,4761
78,3757
80,4330
82,3804
84,3779
86,3620
88,3804
90,4323
92,5219
94,5219
96,4447
98,3901
100,3677
102,3683
104,3718
106,3762
108,3857
110,3859
112,3964
114,3901
116,3710
118,3761
120,4110
122,3792
124,3650
126,3644
128,3630
130,3715
132,3558
134,3572
136,3542
138,3498
140,3479
142,3544
144,3603
146,3651
148,3722
150,3544
152,3532
154,3557
156,3489
158,3546
160,3476
162,3391
164,3319
166,3291
168,3483
170,3431
172,3369
174,3461
176,3557
178,3524
180,3424
182,3300
184,3519
186,3532
188,3283
190,3534
192,3524
194,3571
196,3499
198,3480
200,3463
202,3544
204,3533
206,3602
208,3616
210,3539
212,3524
214,3517
216,3571
218,3517
220,3522
222,3506
224,3527
226,3557
228,3536
230,3600
232,3586
234,3587
236,3477
238,3623
240,3483
242,3628
244,3438
246,3512
248,3447
250,3438
252,3506
254,3458
256,3462
258,3478
260,3494
262,3553
264,3523
266,3505
268,3437
270,3468
272,3467
274,3437
276,3447
278,3324
280,3393
282,3405
284,3440
286,3451
288,3415
290,3461
292,3711
294,3432
296,3444
298,3441
300,3459
Run 3
2,4218
4,4027
6,3879
8,3724
10,3862
12,4058
14,4013
16,3799
18,3959
20,3934
22,3672
24,3574
26,3664
28,3786
30,3967
32,3770
34,3783
36,3761
38,3919
40,3903
42,3870
44,3807
46,3850
48,3799
50,3804
52,3809
54,3830
56,3813
58,3867
60,3738
62,3716
64,3721
66,3777
68,3720
70,3678
72,3644
74,3616
76,3574
78,3707
80,3646
82,3616
84,3648
86,3609
88,3621
90,3607
92,3560
94,3547
96,3678
98,3759
100,3782
102,3837
104,3524
106,3384
108,3170
110,3445
112,3679
114,3382
116,3567
118,3595
120,3669
122,3591
124,3764
126,3647
128,3621
130,3658
132,3591
134,3575
136,3558
138,3617
140,3512
142,3450
144,3455
146,3442
148,3453
150,3546
152,3645
154,3882
156,3624
158,3481
160,3483
162,3509
164,3615
166,3456
168,3315
170,3190
172,3273
174,3517
176,3520
178,3542
180,3490
182,3561
184,3440
186,3961
188,3607
190,3446
192,3505
194,3481
196,3448
198,3475
200,3457
202,3455
204,3628
206,3576
208,3604
210,3572
212,3558
214,3500
216,3503
218,3644
220,3295
222,3473
224,3513
226,3481
228,3379
230,3546
232,3486
234,3448
236,3429
238,3520
240,3584
242,3454
244,3488
246,3496
248,3522
250,3461
252,3482
254,3452
256,3513
258,3552
260,3457
262,3432
264,3424
266,3404
268,3312
270,3211
272,3439
274,3544
276,3185
278,3090
280,3305
282,3317
284,3424
286,3517
288,3519
290,3455
292,3306
294,3370
296,3286
298,3334
300,3428
The array size of 11220000
Run 1
2,7159
4,4423
6,4418
8,4521
10,4531
12,4446
14,4428
16,4348
18,4293
20,4373
22,4105
24,4153
26,4490
28,4620
30,4489
32,4621
34,4136
36,4086
38,4193
40,4290
42,4025
44,4032
46,4116
48,4126
50,4068
52,4106
54,4091
56,4182
58,4213
60,4160
62,4125
64,4139
66,3997
68,4248
70,4127
72,4009
74,3992
76,4032
78,3750
80,3839
82,3722
84,3717
86,3746
88,3994
90,4042
92,4336
94,4033
96,4077
98,4057
100,4408
102,4459
104,4468
106,4029
108,4004
110,4323
112,4200
114,4041
116,3824
118,4678
120,2810
122,3242
124,3446
126,3050
128,3267
130,3086
132,3489
134,2858
136,2624
138,2589
140,2499
142,2470
144,2457
146,2450
148,2454
150,2446
152,2489
154,2434
156,2456
158,2451
160,2453
162,2535
164,4067
166,4443
168,5203
170,5645
172,5776
174,5226
176,5846
178,5443
180,5154
182,5484
184,6335
186,5659
188,5842
190,5513
192,4856
194,4322
196,4431
198,4280
200,4802
202,5957
204,6587
206,3434
208,2910
210,2812
212,2602
214,2555
216,2731
218,2537
220,2392
222,3855
224,3589
226,3666
228,3615
230,2647
232,2473
234,2471
236,2467
238,2539
240,2455
242,2419
244,2340
246,2299
248,2330
250,2322
252,2322
254,2337
256,2297
258,2291
260,2293
262,2364
264,2297
266,2343
268,3727
270,4184
272,3714
274,3713
276,3526
278,4028
280,3667
282,3917
284,3712
286,3513
288,3766
290,3735
292,3588
294,3707
296,3948
298,4008
300,4067
Run 2
2,4938
4,4748
6,4384
8,4321
10,4227
12,4331
14,4901
16,4199
18,4038
20,4066
22,4039
24,4065
26,4082
28,4055
30,4128
32,4075
34,3978
36,3916
38,3930
40,3867
42,3935
44,3893
46,3898
48,3892
50,3978
52,3823
54,3874
56,3993
58,3891
60,3958
62,3910
64,3778
66,3951
68,4119
70,4184
72,3803
74,3631
76,3669
78,3751
80,3666
82,3742
84,3755
86,3776
88,3875
90,3749
92,3764
94,3506
96,3450
98,3636
100,3774
102,3724
104,3785
106,3680
108,3710
110,3800
112,3662
114,3691
116,3766
118,3734
120,3739
122,3710
124,3806
126,3700
128,3650
130,3550
132,3488
134,3449
136,3479
138,3591
140,3724
142,3601
144,3597
146,3624
148,3589
150,3630
152,3539
154,3572
156,4077
158,4282
160,4131
162,4149
164,3794
166,3591
168,3514
170,3533
172,3559
174,3509
176,3583
178,3595
180,3620
182,3639
184,3506
186,3725
188,3521
190,3566
192,3512
194,3556
196,3457
198,3738
200,3656
202,3583
204,3501
206,3527
208,3575
210,3494
212,3504
214,3285
216,3383
218,3371
220,3775
222,3690
224,3583
226,3513
228,3407
230,3271
232,3689
234,3579
236,3480
238,3664
240,3956
242,3863
244,3482
246,3490
248,3538
250,3929
252,3989
254,3673
256,3544
258,3594
260,3573
262,3551
264,3565
266,3589
268,3596
270,3547
272,3577
274,3573
276,3546
278,3513
280,3912
282,4012
284,3545
286,3498
288,3491
290,3482
292,3399
294,3397
296,3439
298,3540
300,3431
Run 3
2,4528
4,4195
6,4169
8,4087
10,4131
12,4094
14,4047
16,4051
18,3981
20,4050
22,3942
24,3963
26,4028
28,3977
30,3949
32,3877
34,3861
36,3785
38,3821
40,3807
42,3821
44,3800
46,3757
48,3726
50,3768
52,3739
54,3808
56,3888
58,3772
60,3888
62,3871
64,4057
66,3850
68,3838
70,3728
72,3703
74,3666
76,3630
78,3617
80,3637
82,3705
84,3682
86,3637
88,3692
90,3711
92,3667
94,3685
96,3716
98,3712
100,3710
102,3672
104,3764
106,3697
108,3709
110,3647
112,3684
114,3692
116,3693
118,3642
120,3684
122,3723
124,3657
126,3606
128,3692
130,3659
132,3713
134,3610
136,3672
138,3875
140,3863
142,3646
144,3470
146,3584
148,3562
150,3578
152,3569
154,3780
156,4023
158,4059
160,4025
162,3957
164,3695
166,3454
168,3442
170,3390
172,3330
174,3554
176,3459
178,3488
180,3529
182,3560
184,3561
186,3510
188,3553
190,3542
192,3566
194,3452
196,3512
198,3575
200,3467
202,3545
204,3634
206,3541
208,3518
210,3514
212,3553
214,3502
216,3787
218,3507
220,3493
222,3573
224,3670
226,3568
228,3784
230,3476
232,3553
234,3553
236,3555
238,3562
240,3570
242,3550
244,3508
246,3535
248,3578
250,3517
252,3473
254,3503
256,3480
258,3491
260,3519
262,3557
264,3558
266,3578
268,3537
270,3661
272,3526
274,3477
276,3471
278,3424
280,3411
282,3436
284,3500
286,3467
288,3419
290,3423
292,3427
294,3454
296,3388
298,3269
300,3223
The array size of 11920000
Run 1
2,6942
4,4611
6,4583
8,4517
10,4477
12,4630
14,4673
16,4748
18,4442
20,4593
22,4307
24,4278
26,4383
28,4259
30,4286
32,4381
34,4595
36,4178
38,3996
40,3962
42,4048
44,4021
46,4079
48,4062
50,4108
52,4058
54,4031
56,4273
58,4587
60,4442
62,4603
64,4555
66,4132
68,4125
70,4092
72,4117
74,3983
76,4078
78,3958
80,3949
82,3935
84,3880
86,3885
88,3947
90,3875
92,3928
94,3976
96,3934
98,3950
100,4089
102,3919
104,3931
106,4078
108,3908
110,3912
112,4065
114,3939
116,3939
118,3934
120,3917
122,3977
124,3952
126,3907
128,3867
130,3999
132,3987
134,3943
136,4056
138,4035
140,3943
142,3874
144,3868
146,3912
148,3936
150,4084
152,3910
154,3886
156,3841
158,3807
160,3820
162,3732
164,3818
166,3817
168,3832
170,3767
172,3680
174,3807
176,3915
178,3759
180,3736
182,3892
184,4057
186,4024
188,3864
190,3968
192,3785
194,3739
196,3795
198,3852
200,3750
202,3747
204,3797
206,3820
208,3765
210,3783
212,3809
214,3918
216,3787
218,3828
220,3752
222,3874
224,3815
226,3797
228,3776
230,3809
232,3897
234,3732
236,3735
238,3921
240,3877
242,3730
244,3804
246,3823
248,3758
250,3823
252,3822
254,3806
256,3833
258,3831
260,3829
262,3805
264,3861
266,3794
268,3825
270,3784
272,3806
274,3833
276,3701
278,3791
280,3737
282,3769
284,3802
286,3766
288,3874
290,3990
292,3966
294,3995
296,3749
298,4043
300,3853
Run 2
2,4867
4,4629
6,4656
8,4450
10,4861
12,4977
14,4513
16,4832
18,4839
20,4623
22,4307
24,4435
26,4536
28,4283
30,4268
32,4376
34,4322
36,4101
38,4114
40,4054
42,4025
44,4193
46,4095
48,4160
50,4056
52,4084
54,4094
56,4140
58,4119
60,4157
62,4168
64,4115
66,4157
68,4209
70,4174
72,4100
74,4074
76,4156
78,4183
80,4050
82,4207
84,4225
86,4294
88,4223
90,4075
92,4023
94,3894
96,4091
98,3909
100,3986
102,3890
104,3967
106,3958
108,3905
110,4012
112,4022
114,4519
116,3951
118,3981
120,4051
122,3961
124,3909
126,3932
128,3956
130,3983
132,4049
134,3970
136,3958
138,4019
140,3781
142,3889
144,3991
146,3878
148,3831
150,3874
152,3829
154,3842
156,3975
158,3913
160,3778
162,3991
164,4210
166,4164
168,3824
170,3754
172,3922
174,4164
176,3725
178,3785
180,3794
182,3864
184,3785
186,3936
188,4321
190,3957
192,3839
194,3885
196,3750
198,3757
200,3818
202,3813
204,3778
206,3811
208,3852
210,3850
212,3821
214,3859
216,3879
218,3886
220,3936
222,4151
224,3851
226,3943
228,3752
230,3910
232,3928
234,4396
236,3458
238,3248
240,2940
242,2915
244,2944
246,2898
248,2882
250,3059
252,3066
254,3085
256,3143
258,3342
260,3555
262,3102
264,3414
266,3999
268,4333
270,3984
272,2931
274,2936
276,2884
278,2881
280,2865
282,2864
284,2865
286,2841
288,2846
290,2842
292,2843
294,2908
296,4048
298,4410
300,4310
Run 3
2,5105
4,5119
6,5127
8,4933
10,5018
12,5119
14,4903
16,5083
18,5776
20,7526
22,7194
24,6802
26,5435
28,5317
30,5537
32,6394
34,6581
36,6621
38,6009
40,5483
42,4884
44,6100
46,5017
48,4972
50,4856
52,4534
54,4654
56,3152
58,3287
60,2943
62,2945
64,3051
66,2890
68,3144
70,2717
72,2668
74,2638
76,2612
78,2667
80,2546
82,2530
84,2529
86,2530
88,2524
90,2548
92,2529
94,2600
96,2579
98,2592
100,2571
102,2581
104,2578
106,2577
108,2576
110,2610
112,2573
114,2573
116,2567
118,2578
120,2569
122,3819
124,4123
126,4882
128,4277
130,4077
132,4007
134,3967
136,4007
138,4056
140,3979
142,4388
144,4032
146,3961
148,3927
150,3926
152,3913
154,3796
156,3813
158,3766
160,3866
162,3756
164,3848
166,3889
168,3848
170,3956
172,3856
174,3821
176,3842
178,3815
180,3769
182,3889
184,3782
186,3735
188,3727
190,3711
192,3819
194,3748
196,3813
198,3840
200,3776
202,3769
204,3759
206,3752
208,3735
210,3773
212,3730
214,3793
216,3791
218,3762
220,3742
222,3764
224,3787
226,3843
228,3871
230,3798
232,3781
234,3813
236,3813
238,3812
240,3740
242,3827
244,3861
246,3836
248,3947
250,3756
252,3794
254,3766
256,3774
258,3756
260,3787
262,3765
264,3761
266,3731
268,3737
270,3783
272,3800
274,3851
276,4033
278,3862
280,3932
282,3814
284,3772
286,3793
288,3792
290,3808
292,3806
294,3830
296,3693
298,3767
300,3728
The array size of 12620000
Run 1
2,7173
4,4898
6,4941
8,4902
10,4750
12,4768
14,4760
16,4772
18,4716
20,4624
22,4668
24,4622
26,4617
28,4534
30,4468
32,4352
34,4592
36,5409
38,4719
40,4380
42,4363
44,4371
46,4359
48,4390
50,4404
52,4460
54,4435
56,4375
58,4375
60,4401
62,4373
64,4367
66,4358
68,4415
70,4444
72,4457
74,4383
76,4484
78,4319
80,4399
82,4247
84,4277
86,4496
88,4251
90,4247
92,4196
94,4209
96,4294
98,4347
100,4431
102,4209
104,4211
106,4184
108,4242
110,4217
112,4208
114,4355
116,4254
118,4212
120,4163
122,4160
124,4209
126,4201
128,4211
130,4183
132,4178
134,4185
136,4266
138,4197
140,4438
142,4295
144,4272
146,4340
148,4231
150,4323
152,4425
154,4145
156,4032
158,3964
160,3952
162,4169
164,4349
166,4503
168,4047
170,4091
172,4062
174,4020
176,4065
178,4065
180,4169
182,4158
184,4129
186,4108
188,4134
190,4040
192,4066
194,4087
196,3943
198,4054
200,4003
202,4014
204,4036
206,4097
208,4089
210,4146
212,4127
214,4035
216,4091
218,4096
220,4150
222,4054
224,4104
226,4064
228,4280
230,4307
232,4141
234,4064
236,4147
238,4129
240,4022
242,4013
244,4147
246,4121
248,4018
250,4067
252,4106
254,4155
256,4072
258,3877
260,3881
262,3890
264,4053
266,4067
268,4192
270,4204
272,4120
274,4056
276,4093
278,3971
280,4167
282,4036
284,4129
286,4149
288,4145
290,4144
292,4103
294,4110
296,4164
298,4200
300,4082
Run 2
2,5049
4,4947
6,4961
8,4715
10,4791
12,4780
14,4819
16,4826
18,4753
20,4547
22,4622
24,4567
26,4591
28,4550
30,4492
32,4328
34,4577
36,4507
38,4414
40,4452
42,4410
44,4549
46,4457
48,4444
50,4465
52,4583
54,4459
56,4508
58,4546
60,4481
62,4378
64,4592
66,4907
68,4617
70,4151
72,3735
74,3433
76,3481
78,3268
80,3051
82,3172
84,3165
86,3168
88,3144
90,3166
92,3172
94,3163
96,3933
98,4129
100,4084
102,3981
104,3986
106,3997
108,3998
110,4089
112,3985
114,4024
116,3955
118,3979
120,3978
122,3954
124,3987
126,4452
128,7119
130,8088
132,3388
134,3612
136,3394
138,5982
140,7831
142,7667
144,7332
146,6593
148,6796
150,6568
152,7033
154,6438
156,6802
158,7408
160,5060
162,3267
164,3438
166,2991
168,3575
170,3340
172,3097
174,3199
176,3105
178,4441
180,5459
182,4653
184,4122
186,4472
188,4165
190,4065
192,4163
194,4629
196,4478
198,4106
200,4542
202,4337
204,4356
206,4103
208,5225
210,4088
212,3966
214,4128
216,4136
218,4238
220,4164
222,4069
224,4043
226,4090
228,4204
230,4097
232,4124
234,4020
236,4149
238,4014
240,4020
242,4005
244,4102
246,4082
248,4055
250,4051
252,4024
254,3976
256,3943
258,4031
260,4133
262,4085
264,4070
266,4081
268,4113
270,4040
272,4018
274,3970
276,4080
278,3795
280,4091
282,4045
284,4023
286,4078
288,4854
290,4436
292,4105
294,4093
296,3999
298,4052
300,4102
Run 3
2,5167
4,4943
6,4918
8,5030
10,4836
12,4761
14,4732
16,4790
18,4822
20,4511
22,4545
24,4489
26,4504
28,4684
30,4604
32,4645
34,4539
36,4553
38,4488
40,4425
42,4464
44,4437
46,4432
48,4425
50,4345
52,4400
54,4457
56,4441
58,4491
60,4403
62,4415
64,4470
66,4413
68,4545
70,4403
72,4362
74,4449
76,4374
78,4356
80,4212
82,4279
84,4214
86,4005
88,4045
90,4145
92,4211
94,4163
96,4168
98,4215
100,4239
102,4164
104,4180
106,4198
108,4202
110,4266
112,4310
114,4265
116,4263
118,4194
120,4153
122,4281
124,4203
126,4178
128,4231
130,4192
132,4211
134,4227
136,4187
138,4222
140,4254
142,4254
144,4208
146,4278
148,4306
150,4239
152,4184
154,4152
156,4212
158,4189
160,4048
162,4070
164,4044
166,4033
168,4089
170,4020
172,4044
174,4081
176,4077
178,4016
180,4138
182,3979
184,3988
186,4102
188,4049
190,4044
192,4033
194,4010
196,4019
198,4148
200,4105
202,4023
204,4104
206,4031
208,3986
210,4101
212,4058
214,3992
216,4116
218,4073
220,4063
222,4082
224,4100
226,4099
228,4099
230,4154
232,4133
234,4068
236,4015
238,3999
240,4025
242,4070
244,4072
246,4177
248,4042
250,3951
252,4063
254,4099
256,4234
258,4143
260,4071
262,4169
264,4175
266,4242
268,4174
270,4236
272,4310
274,4333
276,4112
278,4059
280,4204
282,4217
284,4131
286,4005
288,3854
290,3783
292,4092
294,4128
296,4131
298,4142
300,4142
The array size of 13320000
Run 1
2,7954
4,5411
6,5300
8,5251
10,5091
12,5041
14,5057
16,5122
18,5089
20,5002
22,4990
24,5068
26,4880
28,4889
30,4890
32,4886
34,4987
36,4928
38,4923
40,4897
42,4784
44,4656
46,4830
48,4851
50,4740
52,4689
54,4699
56,4649
58,4640
60,4754
62,4631
64,4616
66,4731
68,4717
70,4722
72,4673
74,4715
76,4765
78,4692
80,4645
82,4567
84,4698
86,4614
88,4824
90,4598
92,4484
94,4507
96,4449
98,4541
100,4471
102,4596
104,4461
106,4463
108,4416
110,4566
112,4562
114,4521
116,4532
118,4607
120,4529
122,5024
124,4561
126,4571
128,4581
130,4514
132,4471
134,4476
136,4631
138,4628
140,4510
142,4607
144,4570
146,4651
148,4687
150,4468
152,4533
154,4671
156,4487
158,4375
160,4571
162,4772
164,4461
166,4438
168,4467
170,4377
172,4320
174,4418
176,5768
178,4439
180,4424
182,4405
184,4366
186,4449
188,4355
190,4383
192,4445
194,4372
196,4269
198,4434
200,4399
202,4464
204,4457
206,4439
208,4406
210,4418
212,4392
214,4278
216,4266
218,4467
220,4549
222,4462
224,4461
226,4424
228,4204
230,4168
232,4475
234,4353
236,4220
238,4345
240,4345
242,4407
244,4377
246,4437
248,4834
250,4759
252,4409
254,4614
256,4450
258,4373
260,4291
262,4374
264,4398
266,4418
268,4367
270,4374
272,4403
274,4375
276,4386
278,4380
280,4504
282,4639
284,4357
286,4464
288,4554
290,4382
292,4330
294,4420
296,4394
298,4404
300,4324
Run 2
2,5282
4,5249
6,5193
8,5277
10,5072
12,5242
14,5048
16,5119
18,5080
20,5016
22,4963
24,4765
26,4991
28,4929
30,4841
32,5027
34,4976
36,4978
38,4976
40,5152
42,4766
44,4846
46,4787
48,4670
50,4697
52,4723
54,4585
56,4631
58,4719
60,4697
62,4644
64,4655
66,4583
68,4675
70,4684
72,4864
74,4749
76,4736
78,4723
80,4712
82,4639
84,4687
86,4605
88,4564
90,4528
92,4475
94,4525
96,4503
98,4554
100,4503
102,4478
104,4565
106,4384
108,4433
110,4451
112,4889
114,5127
116,4192
118,4434
120,4840
122,4167
124,4047
126,3768
128,3547
130,3562
132,3577
134,3713
136,5021
138,5717
140,5401
142,5359
144,5619
146,5402
148,5334
150,5380
152,5333
154,5337
156,5346
158,5327
160,5309
162,5374
164,5436
166,5486
168,5348
170,3876
172,3449
174,3535
176,3487
178,3507
180,3381
182,3477
184,4434
186,7172
188,7098
190,6921
192,7303
194,6926
196,6477
198,6168
200,6996
202,7118
204,6820
206,6663
208,7212
210,5786
212,5966
214,5267
216,5370
218,3875
220,4054
222,3620
224,3326
226,3374
228,3489
230,3187
232,2978
234,2965
236,3142
238,5506
240,4847
242,4706
244,5224
246,4791
248,4926
250,4431
252,4614
254,4873
256,4563
258,4841
260,4884
262,4480
264,4571
266,4567
268,4419
270,4480
272,5024
274,4777
276,4406
278,4444
280,4368
282,4396
284,4476
286,4633
288,4813
290,4513
292,4530
294,4437
296,4455
298,4406
300,4505
Run 3
2,5442
4,5419
6,5364
8,5466
10,5242
12,5185
14,5212
16,5257
18,5216
20,4973
22,4935
24,4974
26,4923
28,5087
30,4943
32,4868
34,4955
36,4922
38,4936
40,4899
42,4865
44,4715
46,4784
48,4762
50,4848
52,4781
54,4760
56,4650
58,4562
60,4635
62,4573
64,4491
66,4505
68,4691
70,4891
72,4817
74,5096
76,4780
78,4688
80,4822
82,4713
84,5121
86,5081
88,4679
90,4618
92,4571
94,4665
96,4584
98,4637
100,4549
102,4528
104,4545
106,4637
108,4661
110,4650
112,4663
114,4670
116,4561
118,4685
120,4642
122,4664
124,4655
126,4697
128,4738
130,4547
132,4523
134,4548
136,4505
138,4543
140,4560
142,4507
144,4481
146,4567
148,4674
150,4559
152,4302
154,4479
156,4487
158,4504
160,4510
162,4546
164,4597
166,4427
168,4349
170,4328
172,4340
174,4406
176,4409
178,4506
180,4375
182,4485
184,4425
186,4429
188,4339
190,4456
192,4573
194,4285
196,4204
198,4309
200,4968
202,4324
204,4262
206,4296
208,4453
210,4428
212,4424
214,4477
216,4583
218,4482
220,4414
222,4422
224,4461
226,4472
228,4416
230,4336
232,4336
234,4413
236,4403
238,4439
240,4417
242,4623
244,4659
246,4613
248,4358
250,4389
252,4331
254,4289
256,4208
258,4294
260,4361
262,4277
264,4389
266,4267
268,4400
270,4307
272,4328
274,4370
276,4290
278,4370
280,4296
282,4329
284,4443
286,4440
288,4399
290,4457
292,4452
294,4333
296,4351
298,4317
300,4433

Process finished with exit code 0
